Numero: 5
Dimension: 3
P1: 78.0 67.7 37.7
P2: 74.0 67.5 47.7
P3: 78.0 67.1 27.7
P4: 72.0 67.3 17.7
P5: 79.0 67.5 37.7